500
0 0 0
471 -142 -37
-317 287 -246
347 162 -311
358 -217 -261
326 207 307
243 -190 385
175 -418 -195
-383 -274 -147
-139 -18 473
-234 -353 253
-38 487 69
-457 -162 -91
122 -363 311
-1 -438 -227
398 161 243
-51 418 -257
-430 207 125
-130 375 293
471 142 37
-434 -27 -233
154 -153 -443
-153 341 322
222 37 -439
-121 378 293
73 -486 43
209 333 -298
5 -490 -57
-367 323 -66
207 -386 227
-250 -415 93
290 255 -307
-218 -235 375
-183 -427 -166
313 357 134
-57 -70 -485
-337 -266 243
-318 11 -377
-58 363 -329
-154 443 153
-489 -38 53
-3 454 -193
338 -357 41
467 -159 -2
-110 -243 415
262 -351 227
-153 -469 2
-170 -135 443
-77 -113 474
94 -283 -393
-417 -262 29
227 -433 66
-75 170 457
402 223 -179
-37 -169 462
-198 287 -349
418 51 257
317 161 -342
485 70 -57
-137 251 -402
11 377 318
-378 1 -317
-209 147 -422
-430 235 -57
-245 393 170
-222 -203 391
285 -385 118
431 227 -78
-443 135 -170
-137 -171 -442
266 -183 -373
-78 383 -301
-153 443 154
473 -139 -18
43 487 66
153 -283 -374
402 283 -41
378 -317 -1
338 -247 261
-195 -410 193
207 -158 419
-265 -382 -165
-282 397 79
-422 -79 243
329 -363 58
119 -27 478
307 -255 290
141 298 -367
-66 43 487
-410 -195 -193
-255 290 -307
423 181 178
-222 37 439
261 -313 278
-198 443 -89
286 -397 -63
365 -95 318
-227 -321 -298
-282 385 -125
-253 -353 -234
-143 -349 318
-383 274 147
11 183 -458
-58 -93 481
-287 387 106
93 182 449
227 -66 433
27 -74 487
283 374 -153
-293 378 -121
363 -89 322
-87 -482 59
419 -207 -158
282 233 -331
347 -311 162
-298 393 11
147 -274 -383
187 118 441
-63 -397 -286
-483 -62 -79
-182 261 377
-393 283 94
-134 -227 -417
79 -483 -62
-313 -379 42
235 407 -150
-21 -278 407
349 -287 198
219 -7 -442
157 -465 -50
-311 -27 -382
346 -113 333
-481 58 -93
-223 -429 98
-133 414 -233
246 287 317
-131 462 -113
-147 86 463
-285 -310 -257
-357 -295 170
215 182 405
-201 82 -443
97 -26 -483
449 147 -142
-347 -346 -57
395 295 18
-157 50 -465
-339 -358 -17
-273 254 323
-398 -291 -17
-42 491 23
-107 -470 105
-253 353 -234
235 -150 407
423 -38 251
-322 237 289
-422 79 243
113 -291 382
322 -327 181
94 283 -393
-261 -98 -407
235 295 -318
57 446 -203
93 335 -350
77 78 -481
261 -338 247
462 -169 -37
-418 -51 257
-2 153 -469
-342 -319 157
-254 323 273
-391 283 -102
283 102 -391
414 233 133
81 67 -482
193 -402 211
-258 311 -283
145 182 -435
-283 374 -153
53 263 414
-257 414 -77
193 435 130
-441 187 -118
-157 -410 -225
-329 -58 363
323 66 -367
-285 -118 -385
-395 -57 -290
-462 37 169
-387 302 49
41 338 -357
203 391 222
11 -183 458
191 -378 253
-287 106 387
133 414 -233
122 473 -69
-322 -181 327
283 153 -374
261 182 377
338 -247 -261
45 -95 -482
153 389 -262
-187 282 -359
195 410 -193
-222 -397 191
-326 207 -307
-243 -385 -190
-337 -354 67
141 -298 -367
385 -243 -190
-491 42 -23
-443 198 89
349 318 -143
-51 -257 418
398 213 -199
-339 337 122
181 137 438
-78 -301 383
318 349 143
-395 18 295
-147 449 -142
378 121 -293
253 -74 -417
-2 467 159
-217 -6 -443
-442 7 219
94 283 393
-478 -93 -79
215 30 443
-227 321 298
-286 63 397
59 482 -87
371 118 -303
331 -282 233
57 5 490
-190 385 243
118 187 441
341 -153 322
-447 -109 178
-235 57 430
235 -375 -218
-151 -363 -298
-433 227 66
-98 -453 169
-389 298 57
430 207 125
-182 -195 415
415 243 110
293 378 -121
77 454 177
-233 411 142
-106 273 -397
-291 -17 -398
147 -422 -209
118 -371 303
246 -143 -403
201 82 443
-453 194 23
282 -359 187
-113 -346 -333
-298 11 -393
453 98 -169
18 295 -395
-306 -103 -373
-207 419 -158
-121 -293 378
-193 -410 195
-465 -115 -118
293 -375 130
23 -427 -246
-405 -215 182
287 398 51
239 -157 -402
-246 -317 287
-298 -333 -209
-91 162 457
-131 -383 -282
-295 395 -18
-414 77 257
23 -491 -42
-483 97 26
135 -443 -170
30 -307 385
469 153 2
313 -107 -366
-18 -395 -295
307 -378 79
235 -375 218
-278 -173 369
469 -153 2
250 415 93
301 78 -383
-471 133 62
417 -158 211
118 303 371
-95 -365 -318
-102 391 -283
78 -77 481
290 307 255
-93 415 -250
-51 418 257
473 139 -18
363 89 322
-421 -242 87
442 137 171
-125 -207 430
-417 29 262
490 -5 -57
-365 270 -193
422 -79 243
462 -173 1
-42 -257 419
293 378 121
327 -149 -338
-23 -194 -453
353 234 -253
187 282 359
311 -258 283
331 -233 -282
-182 71 -453
-479 3 -118
333 -113 346
358 -91 -327
119 27 478
467 -138 79
183 242 389
-183 -389 242
338 261 -247
-98 -407 261
-443 105 190
-419 -257 42
5 -482 105
441 -218 37
-349 143 318
29 262 417
57 346 347
-262 -153 389
-327 -358 91
-77 194 447
193 -410 -195
183 242 -389
-105 -475 82
-337 301 198
-301 383 -78
-139 -462 103
222 -391 -203
-310 -257 -285
-387 -142 -271
467 -159 2
-411 233 142
42 -379 -313
-210 55 443
378 -307 79
-115 -118 -465
318 295 -235
287 -398 -51
11 -458 183
-393 170 -245
53 -153 466
153 -458 -101
-15 10 493
107 198 -439
449 -93 182
-135 170 -443
-223 -98 429
193 -435 -130
-317 334 -177
159 467 -2
-161 -342 -317
311 -363 122
-407 -278 21
-389 262 -153
-173 -1 -462
131 -282 383
-42 -491 -23
-258 -79 413
-118 -187 441
-207 430 125
-273 106 -397
-227 321 -298
-414 -53 263
79 -93 -478
-11 393 -298
170 393 245
-349 318 -143
70 57 485
-317 -369 -82
74 -27 -487
258 79 413
326 363 -73
365 210 -257
435 182 -145
-253 378 191
417 -227 134
243 -110 415
-153 -443 154
-143 246 403
78 -383 -301
-91 457 162
255 -290 307
257 285 310
218 235 375
-50 445 207
379 -42 -313
183 458 11
-485 57 -70
-286 -63 397
470 143 45
-189 -433 142
-194 153 -427
157 -66 463
322 -237 289
193 -157 426
50 -157 -465
327 -341 142
-410 193 -195
-422 209 -147
146 -63 467
363 322 89
487 43 66
53 -402 -281
57 203 446
353 -253 -234
79 397 282
283 -402 41
225 157 410
-273 -106 397
-417 -158 211
211 417 158
439 -198 107
318 349 -143
245 -170 -393
-395 -57 290
321 298 -227
218 -37 441
6 -217 443
66 -487 -43
473 122 -69
326 -363 -73
297 62 389
-57 -142 -469
-393 170 245
177 -454 -77
17 -291 398
482 59 87
243 -383 194
122 -69 -473
335 93 -350
342 -161 317
493 1 18
93 58 -481
-49 -387 302
-118 -465 115
311 27 -382
-313 -261 -278
-166 -183 427
-458 101 -153
-182 -405 215
310 -285 257
49 -482 -93
307 290 255
375 218 235
258 413 79
-79 -62 -483
-193 -211 -402
298 -11 393
147 463 -86
130 -375 293
-130 193 435
-66 433 227
-427 183 166
-351 -227 262
-137 -181 438
-166 103 -453
153 53 466
-218 37 441
-398 243 -161
143 470 45
435 -182 145
-469 57 -142
-170 245 393
-323 367 -66
222 -391 203
383 -131 -282
-143 -45 -470
-195 -143 -430
-207 386 227
139 -462 103
3 118 -479
-37 218 -441
261 -182 377
-462 173 -1
-274 -147 383
-363 122 -311
-38 251 -423
51 -257 418
79 93 478
-11 377 318
318 -349 143
