500
-484 -378 -473
-193 356 -323
-337 406 -137
141 -214 -484
479 -94 -250
172 163 -430
-352 226 189
216 -150 -494
-239 -67 -462
-209 101 116
-298 -387 -370
-176 -278 -448
-416 -448 -194
270 -288 -267
358 370 278
-337 387 96
293 -470 -112
316 -344 -366
-91 -57 349
-117 -134 -116
-358 -41 -197
-163 -474 454
212 -469 19
-428 412 -350
494 420 -120
345 -150 220
229 51 -354
455 -78 123
-124 -59 -89
218 73 484
411 414 230
-112 -421 -392
-485 345 -96
168 245 382
-129 65 -275
377 340 433
147 55 263
274 -212 205
-363 423 310
115 -340 -490
204 7 454
164 281 -211
232 -160 242
290 116 -220
377 -10 413
-384 -474 484
-161 -480 132
353 53 -134
-183 -119 -396
-500 -161 473
129 254 468
-327 -85 -226
404 -205 -333
377 -315 -424
270 401 351
-329 -498 -97
-461 249 205
-55 302 -169
-102 -22 -233
30 421 -155
30 -125 -94
-66 -214 210
415 158 -105
-426 392 429
194 311 37
29 -106 -313
-24 -43 -166
76 -69 -171
-388 -26 -424
-229 315 -364
-294 -65 -67
89 44 -142
-191 435 -383
443 -147 44
253 -39 445
318 233 -234
145 -389 -74
471 214 127
76 -163 148
-442 -145 9
-12 165 -133
473 283 197
281 -67 344
440 358 437
-98 -112 -152
-310 136 35
-97 -85 -122
148 -9 -295
-487 285 353
-65 182 98
300 -46 233
-170 287 92
326 57 -244
-198 202 -49
-166 -24 367
-432 -137 490
298 91 338
-125 -312 -57
-208 -4 214
33 -280 -276
133 -488 -97
121 131 289
-426 -100 51
198 -443 203
168 294 34
52 359 -411
138 13 -53
79 -346 -375
230 -337 12
423 -334 -194
236 -78 10
-44 331 134
478 193 243
101 -122 -72
-413 493 90
139 -81 -339
-369 -258 140
-333 -399 -196
-168 -296 -415
374 -2 -336
244 -363 175
-262 336 225
-86 338 35
-220 466 390
-86 -360 -400
-29 300 -60
151 -116 36
-264 -309 254
354 -432 -278
459 451 -268
4 -184 -265
-308 29 -372
117 137 -365
-416 -436 -296
-141 -427 -186
96 154 453
-205 388 -422
162 -330 434
346 -57 426
222 340 166
-170 217 -39
448 108 -244
-298 152 -230
-91 -364 -125
-425 -31 -35
-117 141 0
36 440 43
-153 189 -361
82 -225 -371
490 -321 -255
-247 294 166
-17 200 253
-176 -225 -421
171 136 -315
-205 -142 340
-28 441 135
253 -305 -363
-38 -457 -259
-170 486 -214
321 -231 148
-24 254 109
-231 215 -342
-235 462 79
-22 -56 193
-388 -389 437
95 47 -215
-111 349 137
-18 361 355
273 -302 296
429 79 -79
-233 348 342
12 -70 -306
124 -333 -384
319 -271 -434
123 -321 -132
18 -38 346
106 -218 323
-479 100 11
177 461 462
481 268 -283
-465 103 398
34 -167 420
249 245 -364
310 418 329
-231 12 351
135 -128 -116
230 482 38
442 162 -214
313 -417 215
224 43 131
260 -226 336
188 191 359
134 218 -215
-92 110 176
215 321 488
-96 70 -28
-179 -450 458
391 496 9
46 416 -329
148 300 -423
447 302 242
-101 -248 -410
-294 172 309
290 -39 154
210 103 465
218 -203 324
-134 -118 387
-66 440 -13
-177 -39 171
-27 -317 132
-39 -370 -192
-433 -365 -203
248 -381 -208
443 -499 230
-114 57 26
388 -123 -308
-56 -369 -397
-32 467 463
336 -162 200
-130 137 243
-193 -338 -12
-242 -225 137
418 -387 -7
-239 -375 83
-93 -351 -303
-266 -438 147
91 456 129
162 -490 -89
-108 128 -364
98 390 -229
321 302 203
-9 -32 -226
-131 492 102
446 121 -218
383 -105 -263
-139 282 49
179 266 272
-186 -234 471
312 -314 457
-205 -309 -146
-307 444 -492
-391 -355 323
-429 -235 -399
-289 -95 254
234 74 -196
-251 299 243
-360 -192 27
464 -183 -140
-109 350 225
-232 76 235
-272 163 -178
-400 240 -238
210 -108 -137
-368 -78 -22
-422 320 165
-401 74 -382
-210 116 -276
239 369 430
-187 171 -213
87 -138 190
343 124 441
320 -337 455
398 -425 211
272 -259 -475
-208 444 180
-98 329 -10
39 384 -209
-222 -394 -49
98 -310 -480
-106 -441 250
295 92 -413
225 -493 -385
-351 -57 109
241 -320 172
-333 347 -433
-419 -404 266
-5 -138 -458
-494 99 269
338 -200 94
150 -312 495
309 -426 -206
126 -118 -330
166 -57 -354
-189 -394 163
407 85 498
407 -277 -155
-12 380 -137
138 376 -463
-28 -243 236
2 -158 -480
283 459 -68
71 -338 -34
7 212 -454
-375 -478 -127
-219 -347 129
-116 367 -83
-65 18 -288
281 -223 -334
-500 -482 74
-491 0 -6
416 -406 206
79 224 -320
-196 132 289
274 -14 359
-307 -5 -471
312 65 -124
9 -470 195
-38 -338 -106
-95 -399 78
-283 -488 326
117 -297 208
-302 -123 442
-465 462 262
464 84 -207
352 376 -350
184 -424 -285
-426 499 -275
126 -32 -485
-344 -419 200
390 183 -94
468 245 -147
-446 -378 -91
120 -409 99
-258 305 -92
453 349 -71
14 10 -252
-382 -284 413
-352 264 342
7 164 11
-302 259 1
-420 -38 32
254 63 363
-176 -380 224
496 -382 212
421 476 166
-476 -275 -268
15 215 176
-323 425 -70
-58 -446 280
-273 440 413
390 -407 41
-4 180 280
152 -441 469
163 -316 410
-176 79 176
165 -410 -129
344 329 -460
6 322 -311
35 -369 156
321 99 -116
409 203 -328
-439 462 373
-495 400 458
406 228 412
-186 56 -79
-28 348 96
-474 35 315
-256 24 -228
-291 180 -407
-302 -5 181
-106 472 -49
-414 -132 -17
10 -148 231
-420 234 -332
469 -198 -112
-106 -387 78
241 85 -384
316 118 -99
-95 -337 -361
225 418 -430
-403 395 -34
490 466 -285
466 -275 456
-301 -163 -230
-237 57 199
130 -79 -491
-317 -407 -483
-17 -293 -205
-357 -154 436
-65 50 145
166 118 78
-133 336 253
74 451 106
-52 -337 1
108 307 -400
454 -404 57
362 -291 -261
190 107 427
90 -199 -214
-177 237 44
-237 190 217
-497 -168 -437
-40 -439 27
161 -10 63
135 103 109
447 -124 496
377 -68 -277
196 -360 -383
-200 -166 72
252 131 -243
-72 -321 -258
233 -333 -392
-213 418 -170
467 364 -187
462 55 -293
-370 129 346
420 410 264
99 379 -124
309 106 169
355 -329 -193
51 184 108
-487 66 62
120 374 399
330 477 -394
308 -328 -455
-334 69 -274
-309 -434 -378
453 138 430
358 -331 253
-330 -246 -31
162 436 -173
287 177 -14
-477 444 -49
-198 -458 -88
241 72 -153
351 -418 262
287 -464 82
-433 68 -413
170 55 -5
483 -13 213
368 172 -160
86 -265 159
-177 99 384
-418 339 29
210 -383 -137
-267 51 387
72 -100 49
85 24 330
198 -310 434
152 -415 -153
-279 287 360
342 474 396
351 8 270
237 337 106
319 -442 31
-80 354 -43
402 481 357
430 331 174
303 -411 33
-6 294 8
-489 -275 469
-312 137 382
-37 58 5
286 198 24
-88 203 -228
-8 -18 -262
68 37 -114
191 390 -288
469 490 197
-411 -495 -249
-176 297 305
118 200 136
263 -487 113
-494 150 291
250 332 -236
392 107 -17
-79 -325 417
-166 -224 297
-79 -383 -372
-317 -473 427
-252 379 -29
406 388 391
432 417 -89
-48 93 429
-71 90 -304
-353 -44 -278
200 306 -383
253 -363 366
259 441 -125
161 -367 420
-500 -63 -243
-500 87 -36
-318 -284 206
458 184 -413
-414 -176 -399
365 62 220
-488 395 177
-16 225 451
276 -314 -179
-326 146 343
-289 -216 202
93 32 -375
108 359 -308
-14 240 245
-223 460 -360
430 -454 282
-18 -84 -329
196 -401 460
-292 -5 -32
405 259 -147
